19943376
19943377
19943378
19943379
19943380
19943381
19943382
19943383
19943384
19943385
19943386
19943387
19943388
19943389
19943390
19943391
19943392
19943393
19943394
19943395
19943396
19943397
19943398
19943399
19943400
19943401
19943402
19943403
19943404
19943405
19943406
19943407
19943408
19943409
19948496
19948497
19948498
19948499
19948500
19948501
19948502
19948503
19948504
19948505
19948506
19948507
19948508
19948509
19948510
19948511
19948512
19948513
19948514
19948515
19948516
19948517
19948518
19948519
19948520
19948521
19948522
19948523
19948524
19948525
19948526
19948527
19948528
19953579
19953580
19953581
19953582
19953583
19953584
19953585
19953586
19953587
19953588
19953589
19953590
19953591
19953592
19953593
19953594
19953595
19953596
19953597
19953598
19953599
19953600
19953601
19953602
19953603
19953604
19953605
19953606
19953607
19953608
19953609
19953610
19953611
19953612
19958740
19958741
19958742
19958743
19958744
19958745
19958746
19958747
19958748
19958749
19958750
19958751
19958752
19958753
19958754
19958755
19958756
19958757
19958758
19958759
19958760
19958761
19958762
19958763
19958764
19958765
19958766
19958767
19958768
19958769
19958770
19958771
19958772
19958773
19958774
19963871
19963872
19963873
19963874
19963875
19963876
19963877
19963878
19963879
19963880
19963881
19963882
19963883
19963884
19963885
19963886
19963887
19963888
19963889
19963890
19963891
19963892
19963893
19963894
19963895
19963896
19963897
19963898
19963899
19963900
19963901
19963902
19963903
19968945
19968946
19968947
19968948
19968949
19968950
19968951
19968952
19968953
19968954
19968955
19968956
19968957
19968958
19968959
19968960
19968961
19968962
19968963
19968964
19968965
19968966
19968967
19968968
19968969
19968970
19968971
19968972
19968973
19968974
19968975
19968976
19973980
19973981
19973982
19973983
19973984
19973985
19973986
19973987
19973988
19973989
19973990
19973991
19973992
19973993
19973994
19973995
19973996
19973997
19973998
19973999
19974000
19974001
19974002
19974003
19974004
19974005
19974006
19974007
19974008
19974009
19974010
19974011
19979017
19979018
19979019
19979020
19979021
19979022
19979023
19979024
19979025
19979026
19979027
19979028
19979029
19979030
19979031
19979032
19979033
19979034
19979035
19979036
19979037
19979038
19979039
19979040
19979041
19979042
19979043
19979044
19979045
19979046
19979047
19979048
19979049
19984077
19984078
19984079
19984080
19984081
19984082
19984083
19984084
19984085
19984086
19984087
19984088
19984089
19984090
19984091
19984092
19984093
19984094
19984095
19984096
19984097
19984098
19984099
19984100
19984101
19984102
19984103
19984104
19984105
19984106
19984107
19989088
19989089
19989090
19989091
19989092
19989093
19989094
19989095
19989096
19989097
19989098
19989099
19989100
19989101
19989102
19989103
19989104
19989105
19989106
19989107
19989108
19989109
19989110
19989111
19989112
19989113
19989114
19989115
19989116
19989117
19989118
19989119
19989120
19989121
19989122
19989123
19994077
19994078
19994079
19994080
19994081
19994082
19994083
19994084
19994085
19994086
19994087
19994088
19994089
19994090
19994091
19994092
19994093
19994094
19994095
19994096
19994097
19994098
19994099
19994100
19994101
19994102
19994103
19994104
19994105
19994106
19994107
19994108
19994109
19994110
19994111
19994112
19994113
19994114
19994115
19994116
19999054
19999055
19999056
19999057
19999058
19999059
19999060
19999061
19999062
19999063
19999064
19999065
19999066
19999067
19999068
19999069
19999070
19999071
19999072
19999073
19999074
19999075
19999076
19999077
19999078
19999079
19999080
19999081
19999082
19999083
19999084
19999085
19999086
19999087
19999088
19999089
19999090
19999091
19999092
19999093
20004057
20004058
20004059
20004060
20004061
20004062
20004063
20004064
20004065
20004066
20004067
20004068
20004069
20004070
20004071
20004072
20004073
20004074
20004075
20004076
20004077
20004078
20004079
20004080
20004081
20004082
20004083
20004084
20004085
20004086
20004087
20004088
20004089
20004090
20004091
20004092
20004093
20004094
20004095
20009033
20009034
20009035
20009036
20009037
20009038
20009039
20009040
20009041
20009042
20009043
20009044
20009045
20009046
20009047
20009048
20009049
20009050
20009051
20009052
20009053
20009054
20009055
20009056
20009057
20009058
20009059
20009060
20009061
20009062
20009063
20009064
20009065
20009066
20009067
20009068
20009069
20009070
20009071
20009072
20014004
20014005
20014006
20014007
20014008
20014009
20014010
20014011
20014012
20014013
20014014
20014015
20014016
20014017
20014018
20014019
20014020
20014021
20014022
20014023
20014024
20014025
20014026
20014027
20014028
20014029
20014030
20014031
20014032
20014033
20014034
20014035
20014036
20014037
20014038
20014039
20014040
20014041
20014042
20014043
20018970
20018971
20018972
20018973
20018974
20018975
20018976
20018977
20018978
20018979
20018980
20018981
20018982
20018983
20018984
20018985
20018986
20018987
20018988
20018989
20018990
20018991
20018992
20018993
20018994
20018995
20018996
20018997
20018998
20018999
20019000
20019001
20019002
20019003
20019004
20019005
20019006
20019007
20019008
20019009
20024016
20024017
20024018
20024019
20024020
20024021
20024022
20024023
20024024
20024025
20024026
20024027
20024028
20024029
20024030
20024031
20024032
20024033
20024034
20024035
20024036
20024037
20024038
20024039
20024040
20024041
20024042
20024043
20024044
20024045
20024046
20024047
20024048
20024049
20024050
20024051
20024052
20024053
20024054
20024055
20029125
20029126
20029127
20029128
20029129
20029130
20029131
20029132
20029133
20029134
20029135
20029136
20029137
20029138
20029139
20029140
20029141
20029142
20029143
20029144
20029145
20029146
20029147
20029148
20029149
20029150
20029151
20029152
20029153
20029154
20029155
20029156
20029157
20029158
20029159
20029160
20029161
20029162
20029163
20034232
20034233
20034234
20034235
20034236
20034237
20034238
20034239
20034240
20034241
20034242
20034243
20034244
20034245
20034246
20034247
20034248
20034249
20034250
20034251
20034252
20034253
20034254
20034255
20034256
20034257
20034258
20034259
20034260
20034261
20034262
20034263
20034264
20034265
20034266
20034267
20034268
20034269
20034270
20039335
20039336
20039337
20039338
20039339
20039340
20039341
20039342
20039343
20039344
20039345
20039346
20039347
20039348
20039349
20039350
20039351
20039352
20039353
20039354
20039355
20039356
20039357
20039358
20039359
20039360
20039361
20039362
20039363
20039364
20039365
20039366
20039367
20039368
20039369
20039370
20039371
20039372
20044426
20044427
20044428
20044429
20044430
20044431
20044432
20044433
20044434
20044435
20044436
20044437
20044438
20044439
20044440
20044441
20044442
20044443
20044444
20044445
20044446
20044447
20044448
20044449
20044450
20044451
20044452
20044453
20044454
20044455
20044456
20044457
20044458
20044459
20044460
20044461
20049481
20049482
20049483
20049484
20049485
20049486
20049487
20049488
20049489
20049490
20049491
20049492
20049493
20049494
20049495
20049496
20049497
20049498
20049499
20049500
20049501
20049502
20049503
20049504
20049505
20049506
20049507
20049508
20049509
20049510
20049511
20049512
20049513
20049514
20049515
20049516
20049517
20049518
20054529
20054530
20054531
20054532
20054533
20054534
20054535
20054536
20054537
20054538
20054539
20054540
20054541
20054542
20054543
20054544
20054545
20054546
20054547
20054548
20054549
20054550
20054551
20054552
20054553
20054554
20054555
20054556
20054557
20054558
20054559
20054560
20054561
20054562
20054563
20054564
20054565
20054566
20054567
20059596
20059597
20059598
20059599
20059600
20059601
20059602
20059603
20059604
20059605
20059606
20059607
20059608
20059609
20059610
20059611
20059612
20059613
20059614
20059615
20059616
20059617
20059618
20059619
20059620
20059621
20059622
20059623
20059624
20059625
20059626
20059627
20059628
20059629
20059630
20059631
20059632
20059633
20059634
20059635
20064675
20064676
20064677
20064678
20064679
20064680
20064681
20064682
20064683
20064684
20064685
20064686
20064687
20064688
20064689
20064690
20064691
20064692
20064693
20064694
20064695
20064696
20064697
20064698
20064699
20064700
20064701
20064702
20064703
20064704
20064705
20064706
20064707
20064708
20064709
20064710
20064711
20064712
20064713
20069770
20069771
20069772
20069773
20069774
20069775
20069776
20069777
20069778
20069779
20069780
20069781
20069782
20069783
20069784
20069785
20069786
20069787
20069788
20069789
20069790
20069791
20069792
20069793
20069794
20069795
20069796
20069797
20069798
20069799
20069800
20069801
20069802
20069803
20069804
20069805
20069806
20069807
20069808
20074910
20074911
20074912
20074913
20074914
20074915
20074916
20074917
20074918
20074919
20074920
20074921
20074922
20074923
20074924
20074925
20074926
20074927
20074928
20074929
20074930
20074931
20074932
20074933
20074934
20074935
20074936
20074937
20074938
20074939
20074940
20074941
20074942
20074943
20074944
20074945
20074946
20074947
20074948
20080012
20080013
20080014
20080015
20080016
20080017
20080018
20080019
20080020
20080021
20080022
20080023
20080024
20080025
20080026
20080027
20080028
20080029
20080030
20080031
20080032
20080033
20080034
20080035
20080036
20080037
20080038
20080039
20080040
20080041
20080042
20080043
20080044
20080045
20080046
20080047
20080048
20080049
20080050
20084950
20084951
20084952
20084953
20084954
20084955
20084956
20084957
20084958
20084959
20084960
20084961
20084962
20084963
20084964
20084965
20084966
20084967
20084968
20084969
20084970
20084971
20084972
20084973
20084974
20084975
20084976
20084977
20084978
20084979
20084980
20084981
20084982
20084983
20084984
20084985
20089874
20089875
20089876
20089877
20089878
20089879
20089880
20089881
20089882
20089883
20089884
20089885
20089886
20089887
20089888
20089889
20089890
20089891
20089892
20089893
20089894
20089895
20089896
20089897
20089898
20089899
20089900
20089901
20089902
20089903
20089904
20089905
20089906
20089907
20089908
20089909
20094916
20094917
20094918
20094919
20094920
20094921
20094922
20094923
20094924
20094925
20094926
20094927
20094928
20094929
20094930
20094931
20094932
20094933
20094934
20094935
20094936
20094937
20094938
20094939
20094940
20094941
20094942
20094943
20094944
20094945
20094946
20094947
20094948
20094949
20094950
20094951
20094952
20099948
20099949
20099950
20099951
20099952
20099953
20099954
20099955
20099956
20099957
20099958
20099959
20099960
20099961
20099962
20099963
20099964
20099965
20099966
20099967
20099968
20099969
20099970
20099971
20099972
20099973
20099974
20099975
20099976
20099977
20099978
20099979
20099980
20099981
20099982
20099983
20099984
20099985
20104984
20104985
20104986
20104987
20104988
20104989
20104990
20104991
20104992
20104993
20104994
20104995
20104996
20104997
20104998
20104999
20105000
20105001
20105002
20105003
20105004
20105005
20105006
20105007
20105008
20105009
20105010
20105011
20105012
20105013
20105014
20105015
20105016
20105017
20105018
20105019
20105020
20105021
20105022
20110041
20110042
20110043
20110044
20110045
20110046
20110047
20110048
20110049
20110050
20110051
20110052
20110053
20110054
20110055
20110056
20110057
20110058
20110059
20110060
20110061
20110062
20110063
20110064
20110065
20110066
20110067
20110068
20110069
20110070
20110071
20110072
20110073
20110074
20110075
20110076
20110077
20110078
20115137
20115138
20115139
20115140
20115141
20115142
20115143
20115144
20115145
20115146
20115147
20115148
20115149
20115150
20115151
20115152
20115153
20115154
20115155
20115156
20115157
20115158
20115159
20115160
20115161
20115162
20115163
20115164
20115165
20115166
20115167
20115168
20115169
20115170
20115171
20115172
20115173
20115174
20115175
20115176
20120237
20120238
20120239
20120240
20120241
20120242
20120243
20120244
20120245
20120246
20120247
20120248
20120249
20120250
20120251
20120252
20120253
20120254
20120255
20120256
20120257
20120258
20120259
20120260
20120261
20120262
20120263
20120264
20120265
20120266
20120267
20120268
20120269
20120270
20120271
20120272
20120273
20120274
20120275
20120276
20125322
20125323
20125324
20125325
20125326
20125327
20125328
20125329
20125330
20125331
20125332
20125333
20125334
20125335
20125336
20125337
20125338
20125339
20125340
20125341
20125342
20125343
20125344
20125345
20125346
20125347
20125348
20125349
20125350
20125351
20125352
20125353
20125354
20125355
20125356
20125357
20125358
20125359
20125360
20130364
20130365
20130366
20130367
20130368
20130369
20130370
20130371
20130372
20130373
20130374
20130375
20130376
20130377
20130378
20130379
20130380
20130381
20130382
20130383
20130384
20130385
20130386
20130387
20130388
20130389
20130390
20130391
20130392
20130393
20130394
20130395
20130396
20130397
20130398
20130399
20130400
20130401
20130402
20135344
20135345
20135346
20135347
20135348
20135349
20135350
20135351
20135352
20135353
20135354
20135355
20135356
20135357
20135358
20135359
20135360
20135361
20135362
20135363
20135364
20135365
20135366
20135367
20135368
20135369
20135370
20135371
20135372
20135373
20135374
20135375
20135376
20135377
20135378
20135379
20135380
20135381
20135382
20135383
20140332
20140333
20140334
20140335
20140336
20140337
20140338
20140339
20140340
20140341
20140342
20140343
20140344
20140345
20140346
20140347
20140348
20140349
20140350
20140351
20140352
20140353
20140354
20140355
20140356
20140357
20140358
20140359
20140360
20140361
20140362
20140363
20140364
20140365
20140366
20140367
20140368
20140369
20140370
20145333
20145334
20145335
20145336
20145337
20145338
20145339
20145340
20145341
20145342
20145343
20145344
20145345
20145346
20145347
20145348
20145349
20145350
20145351
20145352
20145353
20145354
20145355
20145356
20145357
20145358
20145359
20145360
20145361
20145362
20145363
20145364
20145365
20145366
20145367
20145368
20145369
20145370
20145371
